872 248 864 
849 245 835 
967 241 804 
821 308 862 
914 206 854 
901 313 872 
844 311 834 
923 240 793 
950 332 812 
839 312 788 
967 237 847 
962 328 922 
903 255 849 
867 328 822 
876 279 875 
883 302 895 
886 179 822 
970 215 806 
952 317 902 
941 247 820 
862 277 803 
852 320 827 
819 177 813 
892 209 792 
917 209 789 
931 192 804 
906 303 838 
795 253 798 
799 326 843 
845 294 803 
878 237 854 
804 265 867 
951 162 840 
855 197 855 
823 197 823 
944 207 863 
795 243 812 
831 290 871 
921 245 868 
953 220 868 
903 247 839 
841 297 828 
808 319 840 
802 229 793 
843 295 864 
968 285 837 
924 267 798 
809 285 900 
852 330 839 
858 165 821 
941 245 793 
840 258 888 
882 306 887 
934 257 816 
819 314 894 
847 330 841 
835 261 834 
889 326 893 
797 319 834 
957 319 871 
956 159 830 
861 310 869 
873 263 889 
930 305 865 
851 273 853 
831 278 886 
881 314 868 
839 297 869 
884 212 790 
849 178 801 
887 298 825 
971 269 875 
956 169 800 
880 178 819 
829 333 914 
966 244 788 
859 266 820 
899 317 803 
810 300 866 
825 259 887 
860 299 837 
882 279 878 
861 327 851 
948 253 830 
966 270 792 
946 203 848 
859 306 870 
902 167 801 
939 337 853 
883 202 828 
841 270 817 
884 288 786 
865 337 922 
807 182 839 
922 248 859 
828 229 868 
965 286 835 
828 206 819 
905 251 807 
905 287 841 
916 238 799 
943 295 876 
940 218 830 
940 321 909 
938 254 874 
833 292 788 
926 292 843 
859 309 840 
926 287 859 
899 309 868 
956 313 828 
925 256 856 
961 299 908 
907 277 880 
954 334 829 
953 317 804 
816 261 872 
866 208 836 
802 161 806 
803 268 798 
834 288 823 
885 298 878 
870 226 815 
894 324 906 
880 237 804 
966 305 889 
864 310 904 
958 296 868 
891 167 794 
884 254 874 
943 316 836 
828 246 800 
935 318 825 
929 161 805 
892 259 863 
959 221 843 
837 290 864 
857 293 791 
919 256 857 
909 227 830 
812 189 834 
844 225 842 
879 332 920 
880 248 873 
959 313 853 
906 198 808 
857 312 848 
955 326 904 
935 270 858 
853 264 881 
918 258 786 
946 282 853 
969 274 892 
939 278 821 
855 267 886 
817 264 858 
818 169 816 
946 180 801 
900 284 835 
820 317 816 
930 335 808 
839 217 790 
916 245 816 
944 291 901 
907 265 795 
796 248 870 
801 267 826 
960 302 818 
809 210 836 
794 268 846 
958 332 865 
819 324 886 
798 305 838 
802 252 864 
905 277 790 
836 301 844 
853 174 826 
885 238 805 
837 316 843 
879 166 828 
959 278 820 
836 321 835 
936 322 818 
817 174 835 
972 233 834 
921 192 842 
923 221 818 
793 323 914 
817 327 899 
855 337 891 
966 302 841 
889 301 788 
938 301 822 
951 219 814 
900 210 814 
886 234 804 
798 246 795 
838 240 811 
894 336 826 
898 173 789 
917 321 909 
909 172 790 
811 279 894 
840 192 790 
911 219 852 
864 322 843 
809 235 819 
924 231 854 
920 220 868 
797 238 862 
907 337 896 
964 276 830 
886 326 891 
895 305 797 
837 252 859 
869 242 811 
950 293 800 
934 328 870 
954 293 859 
922 254 875 
874 273 808 
935 212 843 
881 162 811 
952 183 817 
795 211 804 
841 265 867 
919 165 810 
949 208 809 
904 264 870 
883 286 852 
810 267 808 
793 299 795 
924 179 798 
827 255 886 
964 321 810 
800 283 810 
862 195 796 
872 327 817 
938 203 803 
881 290 901 
958 235 838 
936 335 813 
944 227 828 
955 178 817 
807 323 915 
878 284 867 
857 290 867 
963 306 864 
837 277 796 
881 311 817 
913 326 854 
863 283 852 
947 220 828 
899 336 832 
801 326 800 
932 216 795 
881 259 857 
855 194 842 
922 219 860 
870 193 794 
913 171 844 
960 180 833 
848 319 891 
858 274 860 
808 259 847 
864 186 798 
793 315 911 
860 244 853 
908 299 887 
887 236 823 
962 333 888 
962 250 855 
847 302 885 
793 249 811 
826 257 858 
873 324 816 
941 312 829 
876 218 836 
953 231 857 
815 272 821 
886 327 785 
884 233 847 
829 313 886 
860 333 860 
899 256 857 
884 266 797 
921 231 838 
921 296 879 
885 208 826 
947 244 853 
868 184 849 
943 295 787 
958 273 885 
855 260 845 
933 171 826 
817 299 899 
909 252 844 
935 314 818 
816 274 832 
857 170 845 
843 247 807 
969 197 790 
820 211 840 
966 162 790 
897 305 819 
931 200 807 
850 316 820 
933 234 838 
881 276 852 
915 172 817 
934 285 890 
955 266 829 
796 247 820 
880 297 903 
800 310 902 
905 329 826 
851 236 860 
948 319 800 
888 224 829 
871 300 796 
949 310 828 
891 335 823 
838 310 804 
961 328 901 
933 284 825 
819 321 877 
914 325 816 
874 295 866 
964 161 838 
855 274 830 
837 223 839 
957 301 822 
870 294 809 
901 195 819 
802 238 822 
825 245 851 
972 320 796 
554 839 382 
686 803 439 
597 912 402 
626 833 338 
583 849 328 
701 767 316 
582 910 319 
619 918 346 
641 763 373 
718 822 439 
673 905 414 
578 737 354 
604 799 338 
593 762 307 
646 810 420 
561 784 451 
593 895 305 
627 851 296 
561 766 323 
713 757 473 
675 767 322 
677 874 323 
618 751 450 
543 809 285 
565 792 359 
700 819 472 
547 877 439 
567 841 363 
642 739 457 
552 917 350 
850 116 1045 
823 203 939 
859 196 962 
863 231 1029 
818 299 971 
852 141 1040 
878 279 920 
975 204 992 
881 237 888 
937 177 908 
979 234 931 
959 264 1019 
855 140 931 
943 232 878 
907 279 1062 
813 147 897 
811 233 893 
857 224 982 
806 143 935 
843 287 997 
877 304 926 
934 279 906 
910 172 931 
967 131 879 
802 267 1043 
799 287 907 
822 136 1047 
863 201 965 
802 236 1015 
864 286 1018 
796 179 1016 
870 151 1011 
982 295 915 
797 119 879 
830 171 901 
812 241 1009 
925 251 939 
897 153 920 
872 156 1006 
823 256 1043 
982 175 1049 
816 173 1039 
857 199 1037 
859 204 1064 
865 263 929 
836 268 1022 
923 182 1060 
969 261 933 
911 123 883 
911 143 943 
895 167 1023 
869 253 917 
864 129 1028 
863 223 1007 
918 153 1006 
930 218 991 
910 157 1058 
927 143 1035 
795 283 1043 
826 232 903 
917 143 955 
876 242 902 
941 122 938 
926 214 1046 
868 170 915 
832 116 1018 
949 255 892 
964 199 942 
934 223 919 
935 279 1036 
964 212 895 
876 126 1022 
904 274 1051 
800 238 981 
803 123 1036 
845 184 1060 
820 171 1009 
838 151 924 
906 123 1055 
951 287 1028 
944 289 956 
966 181 968 
945 124 936 
954 153 1060 
870 163 899 
864 215 990 
859 243 1046 
803 119 913 
876 233 943 
866 222 947 
851 183 930 
933 187 1019 
836 170 1050 
921 162 897 
938 262 967 
794 142 877 
910 208 1027 
891 240 1031 
952 132 980 
830 205 897 
903 263 987 
982 235 890 
936 278 945 
943 215 1015 
966 191 971 
868 192 1020 
893 118 944 
866 206 896 
972 266 1008 
804 207 988 
939 205 917 
955 179 889 
836 138 1012 
808 142 897 
927 240 975 
882 171 1000 
952 256 933 
978 160 1046 
809 148 1028 
966 182 930 
889 137 1042 
932 300 938 
969 174 983 
916 189 1011 
962 132 967 
872 243 1023 
829 233 995 
910 227 1040 
892 266 905 
877 248 972 
933 153 994 
933 123 1010 
915 232 952 
883 232 991 
976 120 950 
957 178 899 
887 296 1012 
885 226 994 
916 119 958 
823 282 1018 
965 231 1026 
911 266 1019 
915 219 967 
825 119 893 
964 133 920 
872 128 984 
897 245 996 
866 146 916 
795 291 920 
879 152 918 
832 133 1056 
815 273 1038 
983 227 952 
885 281 978 
927 261 1018 
804 171 1032 
936 276 971 
867 158 1024 
909 183 1009 
978 291 1046 
853 162 895 
845 184 1054 
818 183 975 
918 298 950 
831 263 927 
976 274 984 
943 249 976 
871 132 1041 
830 271 918 
965 287 926 
946 156 973 
967 230 1064 
978 278 964 
888 212 978 
795 273 935 
849 265 925 
981 246 890 
892 133 908 
868 170 895 
935 173 898 
818 157 961 
939 162 886 
938 157 880 
859 252 977 
963 277 944 
855 142 925 
929 161 1056 
945 282 905 
810 188 982 
831 139 1040 
877 186 891 
965 141 939 
808 118 981 
814 184 949 
939 186 920 
819 248 969 
892 215 1015 
884 177 1013 
937 194 896 
855 255 942 
830 170 1014 
870 151 1040 
957 166 874 
895 209 944 
970 165 1037 
848 191 1001 
965 290 911 
938 212 995 
886 166 905 
908 228 876 
977 287 932 
926 173 968 
923 168 1042 
924 270 945 
825 257 995 
819 143 902 
946 146 909 
814 291 1028 
935 194 888 
798 140 1023 
800 155 1027 
858 119 916 
975 250 970 
974 212 934 
854 266 907 
807 123 957 
835 276 989 
870 129 974 
870 298 932 
851 137 972 
813 224 977 
877 237 943 
973 227 1062 
865 289 1022 
898 303 1030 
982 176 1022 
906 276 1058 
837 148 1046 
870 225 1060 
928 305 913 
857 134 1023 
960 241 954 
838 230 876 
814 239 900 
801 259 961 
972 203 953 
965 247 986 
968 155 928 
964 290 927 
812 164 969 
983 162 904 
895 230 1041 
919 294 1060 
926 125 993 
974 155 946 
892 143 1034 
972 147 997 
893 131 1038 
947 133 1022 
810 175 902 
927 174 972 
933 233 884 
928 197 916 
856 187 957 
950 287 1007 
941 297 1039 
874 206 887 
847 192 905 
826 231 965 
877 174 1047 
975 147 1039 
806 118 989 
903 148 953 
817 137 956 
950 285 969 
947 175 891 
960 251 968 
822 116 915 
936 200 974 
918 191 1028 
914 226 1032 
838 293 1002 
845 212 1057 
946 236 888 
859 225 1059 
954 188 950 
802 186 918 
897 215 919 
960 167 1004 
870 123 911 
855 245 1044 
844 290 1031 
972 173 960 
965 157 890 
810 223 1022 
826 215 904 
925 225 997 
969 160 907 
823 136 959 
953 235 968 
821 129 929 
800 180 935 
957 169 994 
874 172 1036 
913 211 976 
1218 1036 751 
1250 1078 625 
1043 1159 747 
1243 1229 701 
1015 1028 802 
1016 1030 758 
1132 1178 728 
1032 1000 817 
1052 1110 621 
1109 1058 582 
1001 1009 657 
1201 992 748 
1250 1040 675 
1175 1042 672 
1054 1087 713 
1009 1107 756 
1190 998 702 
1096 1061 716 
1065 1143 594 
1109 1256 665 
1141 1016 687 
1221 1222 719 
1148 1231 798 
1001 1139 582 
1097 1198 683 
1233 1237 829 
1168 1186 841 
1022 1016 670 
1161 1085 826 
1204 1225 825 
1021 1125 583 
1158 1079 844 
1055 1257 817 
1005 992 699 
1036 1119 665 
1168 1085 670 
1150 1012 598 
1169 1039 627 
1262 1230 752 
1266 1168 745 
998 1219 612 
1031 1110 730 
1027 1169 730 
997 1204 761 
1145 1245 622 
1233 1146 746 
504 987 961 
629 992 880 
494 998 823 
537 1003 862 
488 1075 852 
487 949 999 
536 963 849 
463 951 907 
579 950 960 
467 1071 1001 
558 1123 967 
463 1090 841 
535 913 883 
597 958 908 
647 1100 952 
467 991 832 
457 1000 974 
627 1078 953 
623 976 896 
611 1092 890 
564 985 948 
487 1078 956 
453 1106 1009 
571 959 852 
606 925 918 
474 1047 876 
517 934 844 
573 991 889 
512 948 960 
490 989 923 
591 1111 875 
525 1029 921 
563 1040 898 
1101 360 289 
990 358 297 
1151 386 177 
1082 209 286 
1078 237 231 
1181 281 315 
1062 206 249 
1011 266 188 
1090 415 135 
1054 351 195 
1176 408 132 
1058 215 207 
1037 322 170 
1034 222 95 
1002 256 275 
1053 254 133 
1049 273 282 
1119 240 125 
988 374 256 
1170 246 184 
958 239 309 
998 342 101 
1025 335 140 
1015 325 166 
1018 283 226 
974 381 197 
1155 386 186 
1030 322 142 
976 354 93 
1140 253 282 
1145 255 238 
1135 210 296 
1056 418 120 
1104 251 161 
1178 313 249 
998 244 207 
1015 355 170 
1109 341 209 
1159 361 279 
1072 231 110 
1036 420 308 
1094 372 95 
1071 384 318 
324 908 657 
262 900 713 
273 984 744 
367 978 643 
260 1018 727 
279 1038 677 
323 941 614 
279 860 645 
320 1060 631 
325 883 701 
296 962 677 
255 1061 629 
251 914 689 
283 861 636 
296 981 674 
358 857 649 
267 944 661 
276 889 607 
259 853 767 
380 959 626 
318 965 672 
268 925 622 
306 934 717 
253 854 717 
386 860 612 
261 963 613 
267 855 646 
307 1031 650 
325 933 619 
384 884 615 
242 216 914 
68 201 800 
81 129 997 
167 142 798 
207 106 945 
282 184 935 
81 241 789 
235 205 981 
177 266 860 
275 314 964 
98 186 992 
220 105 914 
192 116 891 
143 94 753 
79 168 969 
166 100 853 
148 270 797 
35 241 790 
272 237 942 
58 302 807 
77 52 958 
208 239 742 
124 127 807 
42 309 993 
38 197 797 
163 313 745 
259 70 962 
50 309 877 
124 159 858 
84 64 801 
124 155 903 
229 138 844 
106 173 857 
126 205 733 
196 64 750 
213 290 769 
176 62 783 
54 75 821 
210 166 930 
95 243 943 
546 108 805 
617 80 696 
572 56 732 
461 112 697 
546 222 812 
489 98 744 
557 62 671 
547 97 850 
587 238 690 
522 156 708 
591 101 783 
589 144 735 
464 157 859 
491 89 677 
483 144 777 
502 164 693 
577 66 704 
466 268 715 
565 201 679 
471 179 737 
513 116 799 
542 259 725 
536 146 743 
463 105 739 
496 142 776 
598 117 746 
496 137 784 
478 227 658 
544 111 663 
513 161 660 
546 96 723 
537 238 787 
453 271 742 
553 114 689 
588 198 702 
546 62 816 
593 111 673 
472 243 672 
472 74 704 
482 232 816 
457 58 655 
930 904 932 
1004 859 952 
892 1006 1009 
822 897 974 
936 923 1071 
958 949 1091 
919 855 1001 
940 891 1087 
1013 1012 1000 
800 931 1004 
804 974 1017 
943 964 1077 
975 968 975 
973 902 981 
935 824 1105 
868 986 946 
822 891 1002 
811 943 1003 
978 942 1124 
840 946 1039 
832 863 996 
930 918 1069 
995 879 928 
958 964 1031 
801 885 1056 
895 958 934 
921 984 934 
911 907 1079 
902 871 1130 
889 915 968 
916 859 940 
900 993 1059 
831 975 1047 
965 827 995 
858 833 989 
902 932 930 
824 965 1023 
839 988 1131 
906 877 1111 
806 878 1009 
980 906 978 
1000 1010 954 
829 953 1038 
957 904 1067 
940 874 1009 
1009 888 924 
928 917 998 
813 960 969 
933 978 955 
906 988 942 
904 955 1049 
962 849 1042 
904 883 1104 
931 952 1117 
986 878 974 
857 873 1064 
987 1005 1090 
973 931 1033 
804 850 1120 
966 868 1091 
988 976 937 
900 832 1114 
930 849 980 
805 984 1133 
1002 956 994 
761 572 923 
262 676 236 
132 966 623 
983 579 862 
575 826 1118 
1197 78 115 
231 550 914 
1082 1248 432 
811 377 713 
63 464 1072 
1147 440 393 
34 1168 1069 
270 49 1250 
108 247 579 
970 37 154 
838 1234 698 
953 214 463 
1082 45 461 
730 71 53 
192 600 517 
14 962 172 
873 997 89 
1158 16 604 
1157 591 851 
485 310 888 
1106 363 87 
553 531 767 
1017 363 813 
693 1093 99 
746 500 1166 
